  -89.0500   29.1000
  -89.3000   29.0000
  -91.2800   29.4900
  -92.5000   18.6000
  -88.0000   30.2000
  -95.6000   18.7000
  -85.0000   29.7000
  -92.5000   18.6000
  -97.7800   22.2700
  -94.4100   18.1600
  -88.6000   30.2000
  -89.5300   30.1800
  -93.8000   29.8000
  -94.8000   29.6000
  -83.1700   29.2900
  -97.0000   20.4800
  -95.3800   28.8700
  -87.1000   30.5000
  -93.8000   29.8000
  -92.5000   18.6000
  -97.1500   25.9600
  -96.0000   28.7000
  -96.5000   28.3000
  -97.3000   20.7000
  -96.3000   19.3000
  -97.2000   20.7000
  -97.4000   20.9400
  -91.5000   18.8000
  -97.3000   27.8000
  -84.0000   22.0000
  -80.5000   22.0000
  -83.0300   22.6000
  -83.3000   22.4000
  -81.9300   23.1500
